1.0000000000	2 13 15 17 19 109
1.0000000000	0 2144 2145 445 438 2145
1.0000000000	445 443 443 2155 43 1133
1.0000000000	2145 445 443 443 2155
1.0000000000	2135 443 2139 445 2141
1.0000000000	13 15 17 19 109
1.0000000000	23 72 147 31 110
1.0000000000	438 2145 445 443 443
1.0000000000	2 13 15 17 19
1.0000000000	0 2144 2145 445 438
1.0000000000	31 110 72 20
1.0000000000	1 31 110 134
1.0000000000	9 31 110 72
1.0000000000	9 31 110 20
1.0000000000	9 114 141 109
1.0000000000	9 31 110 23
1.0000000000	114 141 109 383
1.0000000000	443 2139 445 2141
1.0000000000	0 2144 2145 445
1.0000000000	72 147 31 110
1.0000000000	2 13 15 17
1.0000000000	23 31 110 72
1.0000000000	1 191 167 195
1.0000000000	13 15 17 19
1.0000000000	43 1133 2683
1.0000000000	141 109 383
1.0000000000	147 31 110
1.0000000000	147 114 141
1.0000000000	423 426 109
1.0000000000	1 114 141
1.0000000000	19 223 171
1.0000000000	62 31 110
1.0000000000	13 15 17
1.0000000000	0 761 390
1.0000000000	15 17 19
1.0000000000	1 191 167
1.0000000000	1675 167 70
1.0000000000	1 464 19
1.0000000000	1 271 9
1.0000000000	23 72 147
1.0000000000	1 1191 9
1.0000000000	23 31 110
1.0000000000	1 512 9
1.0000000000	1 746 9
1.0000000000	4737 436 383
1.0000000000	147 276 20
1.0000000000	624 20 617
1.0000000000	1 768 9
1.0000000000	114 141 109
1.0000000000	2 31 110
1.0000000000	2379 167 5225
1.0000000000	421 423 426
1.0000000000	20 31 110
1.0000000000	9 31 110
1.0000000000	2379 167 4688
1.0000000000	9 114 141
1.0000000000	77 355 77
1.0000000000	1 371 477
1.0000000000	0 2144 2145
1.0000000000	1 371 161
1.0000000000	23 88 62
1.0000000000	2 13 15
1.0000000000	1 167 1273
1.0000000000	23 261 62
1.0000000000	191 167 195
1.0000000000	1 31 110
1.0000000000	1 518 757
1.0000000000	1 200 9
1.0000000000	1 251 298
1.0000000000	1 79 9
1.0000000000	1 314 9
1.0000000000	1 228 9
1.0000000000	1 234 9
1.0000000000	1 74 9
1.0000000000	38 31 110
1.0000000000	31 110 20
1.0000000000	31 110 383
1.0000000000	31 110 134
1.0000000000	31 110 148
1.0000000000	31 110 72
1.0000000000	31 110 23
1.0000000000	9 1362
1.0000000000	9 447
1.0000000000	1 1156
1.0000000000	9 2095
1.0000000000	9 114
1.0000000000	9 31
1.0000000000	5 9
1.0000000000	9 383
1.0000000000	1 72
1.0000000000	9 167
1.0000000000	0 710
1.0000000000	9 617
1.0000000000	1 31
1.0000000000	9 72
1.0000000000	1 558
1.0000000000	1 1890
1.0000000000	1 167
1.0000000000	1 74
1.0000000000	1 228
1.0000000000	1 314
1.0000000000	1 1793
1.0000000000	0 761
1.0000000000	1 114
1.0000000000	1 191
1.0000000000	0 464
1.0000000000	1 1766
1.0000000000	1 372
1.0000000000	9 94
1.0000000000	1 1885
1.0000000000	1 586
1.0000000000	1 271
1.0000000000	0 308
1.0000000000	0 332
1.0000000000	1 746
1.0000000000	1 473
1.0000000000	1 464
1.0000000000	0 125
1.0000000000	9 748
1.0000000000	0 134
1.0000000000	1 436
1.0000000000	1 371
1.0000000000	9 2
1.0000000000	1 34
1.0000000000	0 2448
1.0000000000	1 398
1.0000000000	1 223
1.0000000000	1 280
1.0000000000	1 134
1.0000000000	1 1200
1.0000000000	1 79
1.0000000000	1 19
1.0000000000	2 13
1.0000000000	1 251
1.0000000000	1 357
1.0000000000	1 518
1.0000000000	1 383
1.0000000000	1 2379
1.0000000000	1 447
1.0000000000	1 458
1.0000000000	1 768
1.0000000000	1 182
1.0000000000	9 116
1.0000000000	1 298
1.0000000000	1372 62
1.0000000000	4737 436
1.0000000000	9 3149
1.0000000000	2379 167
1.0000000000	1133 2683
1.0000000000	1673 2546
1.0000000000	1817 9
1.0000000000	2020 9
1.0000000000	3723 3725
1.0000000000	4983 2919
1.0000000000	5572 257
1.0000000000	426 109
1.0000000000	421 423
1.0000000000	422 121
1.0000000000	63 23
1.0000000000	62 518
1.0000000000	62 64
1.0000000000	403 23
1.0000000000	350 23
1.0000000000	62 428
1.0000000000	62 313
1.0000000000	62 485
1.0000000000	62 986
1.0000000000	62 1997
1.0000000000	65 9
1.0000000000	2145 2947
1.0000000000	62 31
1.0000000000	62 578
1.0000000000	350 62
1.0000000000	69 70
1.0000000000	473 9
1.0000000000	512 9
1.0000000000	517 148
1.0000000000	2011 23
1.0000000000	748 750
1.0000000000	148 20
1.0000000000	746 9
1.0000000000	745 9
1.0000000000	674 39
1.0000000000	788 9
1.0000000000	147 114
1.0000000000	553 9
1.0000000000	141 109
1.0000000000	1692 186
1.0000000000	581 147
1.0000000000	43 1133
1.0000000000	147 31
1.0000000000	148 9
1.0000000000	148 23
1.0000000000	147 2
1.0000000000	147 276
1.0000000000	251 298
1.0000000000	234 9
1.0000000000	1438 9
1.0000000000	1384 9
1.0000000000	983 147
1.0000000000	983 62
1.0000000000	118 120
1.0000000000	117 9
1.0000000000	110 134
1.0000000000	116 148
1.0000000000	110 20
1.0000000000	114 141
1.0000000000	110 148
1.0000000000	110 72
1.0000000000	110 383
1.0000000000	110 23
1.0000000000	50 9
1.0000000000	114 2094
1.0000000000	520 62
1.0000000000	939 843
1.0000000000	939 277
1.0000000000	503 9
1.0000000000	23 315
1.0000000000	23 261
1.0000000000	23 88
1.0000000000	6033 1817
1.0000000000	23 72
1.0000000000	23 31
1.0000000000	20 617
1.0000000000	23 167
1.0000000000	20 167
1.0000000000	20 518
1.0000000000	23 532
1.0000000000	20 221
1.0000000000	20 228
1.0000000000	20 196
1.0000000000	23 468
1.0000000000	20 23
1.0000000000	23 173
1.0000000000	826 62
1.0000000000	20 31
1.0000000000	20 2
1.0000000000	1871 167
1.0000000000	509 303
1.0000000000	23 629
1.0000000000	5747 5748
1.0000000000	20 870
1.0000000000	820 121
1.0000000000	821 9
1.0000000000	839 23
1.0000000000	873 1955
1.0000000000	1213 9
1.0000000000	1216 62
1.0000000000	1766 9
1.0000000000	2727 9
1.0000000000	1847 124
1.0000000000	243 62
1.0000000000	217 77
1.0000000000	34 147
1.0000000000	1890 1891
1.0000000000	38 31
1.0000000000	31 110
1.0000000000	617 23
1.0000000000	535 23
1.0000000000	617 684
1.0000000000	617 982
1.0000000000	680 62
1.0000000000	631 9
1.0000000000	74 9
1.0000000000	436 383
1.0000000000	445 438
1.0000000000	77 355
1.0000000000	72 147
1.0000000000	79 9
1.0000000000	79 262
1.0000000000	77 9
1.0000000000	298 826
1.0000000000	72 20
1.0000000000	70 1220
1.0000000000	307 167
1.0000000000	684 9
1.0000000000	76 77
1.0000000000	261 62
1.0000000000	371 161
1.0000000000	383 20
1.0000000000	383 23
1.0000000000	768 9
1.0000000000	371 477
1.0000000000	624 20
1.0000000000	2933 3221
1.0000000000	314 9
1.0000000000	276 20
1.0000000000	275 77
1.0000000000	271 9
1.0000000000	228 9
1.0000000000	277 62
1.0000000000	223 23
1.0000000000	223 171
1.0000000000	221 2634
1.0000000000	177 171
1.0000000000	761 390
1.0000000000	134 20
1.0000000000	138 298
1.0000000000	15 1905
1.0000000000	15 124
1.0000000000	768 23
1.0000000000	138 390
1.0000000000	138 223
1.0000000000	138 134
1.0000000000	15 17
1.0000000000	19 109
1.0000000000	15 50
1.0000000000	19 223
1.0000000000	208 2933
1.0000000000	13 15
1.0000000000	200 9
1.0000000000	2933 2931
1.0000000000	184 187
1.0000000000	464 19
1.0000000000	541 543
1.0000000000	2239 62
1.0000000000	941 114
1.0000000000	2486 167
1.0000000000	753 754
1.0000000000	125 9
1.0000000000	82 62
1.0000000000	129 147
1.0000000000	126 4601
1.0000000000	125 128
1.0000000000	124 20
1.0000000000	126 131
1.0000000000	127 129
1.0000000000	167 1249
1.0000000000	167 70
1.0000000000	167 1273
1.0000000000	167 20
1.0000000000	163 168
1.0000000000	1320 147
1.0000000000	167 195
1.0000000000	1012 38
1.0000000000	1064 9
1.0000000000	1191 9
